static const q31_t ADC_LOOKUP[4096] = {
    0, 524288, 1048576, 1572864, 2097152, 2621440,
    3145728, 3670016, 4194304, 4718592, 5242880, 5767168,
    6291456, 6815744, 7340032, 7864320, 8388608, 8912896,
    9437184, 9961472, 10485760, 11010049, 11534336, 12058624,
    12582912, 13107200, 13631489, 14155776, 14680064, 15204352,
    15728640, 16252929, 16777216, 17301504, 17825792, 18350080,
    18874368, 19398656, 19922944, 20447232, 20971520, 21495808,
    22020098, 22544384, 23068672, 23592960, 24117248, 24641538,
    25165824, 25690112, 26214400, 26738688, 27262978, 27787264,
    28311552, 28835840, 29360128, 29884418, 30408704, 30932992,
    31457280, 31981568, 32505858, 33030144, 33554432, 34078720,
    34603008, 35127296, 35651584, 36175872, 36700160, 37224448,
    37748736, 38273024, 38797312, 39321600, 39845888, 40370176,
    40894464, 41418756, 41943040, 42467328, 42991616, 43515904,
    44040196, 44564480, 45088768, 45613056, 46137344, 46661636,
    47185920, 47710208, 48234496, 48758784, 49283076, 49807360,
    50331648, 50855936, 51380224, 51904516, 52428800, 52953088,
    53477376, 54001664, 54525956, 55050240, 55574528, 56098816,
    56623104, 57147396, 57671680, 58195968, 58720256, 59244544,
    59768836, 60293120, 60817408, 61341696, 61865984, 62390276,
    62914560, 63438848, 63963136, 64487424, 65011716, 65536000,
    66060288, 66584576, 67108864, 67633152, 68157440, 68681728,
    69206016, 69730304, 70254592, 70778880, 71303168, 71827456,
    72351744, 72876032, 73400320, 73924608, 74448896, 74973184,
    75497472, 76021760, 76546048, 77070336, 77594624, 78118912,
    78643200, 79167488, 79691776, 80216064, 80740352, 81264640,
    81788928, 82313216, 82837512, 83361792, 83886080, 84410368,
    84934656, 85458952, 85983232, 86507520, 87031808, 87556096,
    88080392, 88604672, 89128960, 89653248, 90177536, 90701832,
    91226112, 91750400, 92274688, 92798976, 93323272, 93847552,
    94371840, 94896128, 95420416, 95944712, 96468992, 96993280,
    97517568, 98041856, 98566152, 99090432, 99614720, 100139008,
    100663296, 101187592, 101711872, 102236160, 102760448, 103284736,
    103809032, 104333312, 104857600, 105381888, 105906176, 106430472,
    106954752, 107479040, 108003328, 108527616, 109051912, 109576192,
    110100480, 110624768, 111149056, 111673352, 112197632, 112721920,
    113246208, 113770496, 114294792, 114819072, 115343360, 115867648,
    116391936, 116916232, 117440512, 117964800, 118489088, 119013376,
    119537672, 120061952, 120586240, 121110528, 121634816, 122159112,
    122683392, 123207680, 123731968, 124256256, 124780552, 125304832,
    125829120, 126353408, 126877696, 127401992, 127926272, 128450560,
    128974848, 129499136, 130023432, 130547712, 131072000, 131596288,
    132120576, 132644872, 133169152, 133693440, 134217728, 134742016,
    135266304, 135790592, 136314880, 136839168, 137363456, 137887744,
    138412032, 138936320, 139460608, 139984896, 140509184, 141033472,
    141557760, 142082048, 142606336, 143130624, 143654912, 144179200,
    144703488, 145227776, 145752064, 146276352, 146800640, 147324928,
    147849216, 148373504, 148897792, 149422080, 149946368, 150470656,
    150994944, 151519232, 152043520, 152567808, 153092096, 153616384,
    154140672, 154664960, 155189248, 155713536, 156237824, 156762112,
    157286400, 157810688, 158334976, 158859264, 159383552, 159907840,
    160432128, 160956416, 161480704, 162004992, 162529280, 163053584,
    163577856, 164102144, 164626432, 165150720, 165675024, 166199296,
    166723584, 167247872, 167772160, 168296464, 168820736, 169345024,
    169869312, 170393600, 170917904, 171442176, 171966464, 172490752,
    173015040, 173539344, 174063616, 174587904, 175112192, 175636480,
    176160784, 176685056, 177209344, 177733632, 178257920, 178782224,
    179306496, 179830784, 180355072, 180879360, 181403664, 181927936,
    182452224, 182976512, 183500800, 184025104, 184549376, 185073664,
    185597952, 186122240, 186646544, 187170816, 187695104, 188219392,
    188743680, 189267984, 189792256, 190316544, 190840832, 191365120,
    191889424, 192413696, 192937984, 193462272, 193986560, 194510864,
    195035136, 195559424, 196083712, 196608000, 197132304, 197656576,
    198180864, 198705152, 199229440, 199753744, 200278016, 200802304,
    201326592, 201850880, 202375184, 202899456, 203423744, 203948032,
    204472320, 204996624, 205520896, 206045184, 206569472, 207093760,
    207618064, 208142336, 208666624, 209190912, 209715200, 210239504,
    210763776, 211288064, 211812352, 212336640, 212860944, 213385216,
    213909504, 214433792, 214958080, 215482384, 216006656, 216530944,
    217055232, 217579520, 218103824, 218628096, 219152384, 219676672,
    220200960, 220725264, 221249536, 221773824, 222298112, 222822400,
    223346704, 223870976, 224395264, 224919552, 225443840, 225968144,
    226492416, 227016704, 227540992, 228065280, 228589584, 229113856,
    229638144, 230162432, 230686720, 231211024, 231735296, 232259584,
    232783872, 233308160, 233832464, 234356736, 234881024, 235405312,
    235929600, 236453904, 236978176, 237502464, 238026752, 238551040,
    239075344, 239599616, 240123904, 240648192, 241172480, 241696784,
    242221056, 242745344, 243269632, 243793920, 244318224, 244842496,
    245366784, 245891072, 246415360, 246939664, 247463936, 247988224,
    248512512, 249036800, 249561104, 250085376, 250609664, 251133952,
    251658240, 252182544, 252706816, 253231104, 253755392, 254279680,
    254803984, 255328256, 255852544, 256376832, 256901120, 257425424,
    257949696, 258473984, 258998272, 259522560, 260046864, 260571136,
    261095424, 261619712, 262144000, 262668304, 263192576, 263716864,
    264241152, 264765440, 265289744, 265814016, 266338304, 266862592,
    267386880, 267911184, 268435456, 268959744, 269484032, 270008320,
    270532608, 271056896, 271581184, 272105472, 272629760, 273154048,
    273678336, 274202624, 274726912, 275251200, 275775488, 276299776,
    276824064, 277348352, 277872640, 278396928, 278921216, 279445504,
    279969792, 280494080, 281018368, 281542656, 282066944, 282591232,
    283115520, 283639808, 284164096, 284688384, 285212672, 285736960,
    286261248, 286785536, 287309824, 287834112, 288358400, 288882688,
    289406976, 289931264, 290455552, 290979840, 291504128, 292028416,
    292552704, 293076992, 293601280, 294125568, 294649856, 295174144,
    295698432, 296222720, 296747008, 297271296, 297795584, 298319872,
    298844160, 299368448, 299892736, 300417024, 300941312, 301465600,
    301989888, 302514176, 303038464, 303562752, 304087040, 304611328,
    305135616, 305659904, 306184192, 306708480, 307232768, 307757056,
    308281344, 308805632, 309329920, 309854208, 310378496, 310902784,
    311427072, 311951360, 312475648, 312999936, 313524224, 314048512,
    314572800, 315097088, 315621376, 316145664, 316669952, 317194240,
    317718528, 318242816, 318767104, 319291392, 319815680, 320339968,
    320864256, 321388544, 321912832, 322437120, 322961408, 323485696,
    324009984, 324534272, 325058560, 325582848, 326107168, 326631424,
    327155712, 327680000, 328204288, 328728608, 329252864, 329777152,
    330301440, 330825728, 331350048, 331874304, 332398592, 332922880,
    333447168, 333971488, 334495744, 335020032, 335544320, 336068608,
    336592928, 337117184, 337641472, 338165760, 338690048, 339214368,
    339738624, 340262912, 340787200, 341311488, 341835808, 342360064,
    342884352, 343408640, 343932928, 344457248, 344981504, 345505792,
    346030080, 346554368, 347078688, 347602944, 348127232, 348651520,
    349175808, 349700128, 350224384, 350748672, 351272960, 351797248,
    352321568, 352845824, 353370112, 353894400, 354418688, 354943008,
    355467264, 355991552, 356515840, 357040128, 357564448, 358088704,
    358612992, 359137280, 359661568, 360185888, 360710144, 361234432,
    361758720, 362283008, 362807328, 363331584, 363855872, 364380160,
    364904448, 365428768, 365953024, 366477312, 367001600, 367525888,
    368050208, 368574464, 369098752, 369623040, 370147328, 370671648,
    371195904, 371720192, 372244480, 372768768, 373293088, 373817344,
    374341632, 374865920, 375390208, 375914528, 376438784, 376963072,
    377487360, 378011648, 378535968, 379060224, 379584512, 380108800,
    380633088, 381157408, 381681664, 382205952, 382730240, 383254528,
    383778848, 384303104, 384827392, 385351680, 385875968, 386400288,
    386924544, 387448832, 387973120, 388497408, 389021728, 389545984,
    390070272, 390594560, 391118848, 391643168, 392167424, 392691712,
    393216000, 393740288, 394264608, 394788864, 395313152, 395837440,
    396361728, 396886048, 397410304, 397934592, 398458880, 398983168,
    399507488, 400031744, 400556032, 401080320, 401604608, 402128928,
    402653184, 403177472, 403701760, 404226048, 404750368, 405274624,
    405798912, 406323200, 406847488, 407371808, 407896064, 408420352,
    408944640, 409468928, 409993248, 410517504, 411041792, 411566080,
    412090368, 412614688, 413138944, 413663232, 414187520, 414711808,
    415236128, 415760384, 416284672, 416808960, 417333248, 417857568,
    418381824, 418906112, 419430400, 419954688, 420479008, 421003264,
    421527552, 422051840, 422576128, 423100448, 423624704, 424148992,
    424673280, 425197568, 425721888, 426246144, 426770432, 427294720,
    427819008, 428343328, 428867584, 429391872, 429916160, 430440448,
    430964768, 431489024, 432013312, 432537600, 433061888, 433586208,
    434110464, 434634752, 435159040, 435683328, 436207648, 436731904,
    437256192, 437780480, 438304768, 438829088, 439353344, 439877632,
    440401920, 440926208, 441450528, 441974784, 442499072, 443023360,
    443547648, 444071968, 444596224, 445120512, 445644800, 446169088,
    446693408, 447217664, 447741952, 448266240, 448790528, 449314848,
    449839104, 450363392, 450887680, 451411968, 451936288, 452460544,
    452984832, 453509120, 454033408, 454557728, 455081984, 455606272,
    456130560, 456654848, 457179168, 457703424, 458227712, 458752000,
    459276288, 459800608, 460324864, 460849152, 461373440, 461897728,
    462422048, 462946304, 463470592, 463994880, 464519168, 465043488,
    465567744, 466092032, 466616320, 467140608, 467664928, 468189184,
    468713472, 469237760, 469762048, 470286368, 470810624, 471334912,
    471859200, 472383488, 472907808, 473432064, 473956352, 474480640,
    475004928, 475529248, 476053504, 476577792, 477102080, 477626368,
    478150688, 478674944, 479199232, 479723520, 480247808, 480772128,
    481296384, 481820672, 482344960, 482869248, 483393568, 483917824,
    484442112, 484966400, 485490688, 486015008, 486539264, 487063552,
    487587840, 488112128, 488636448, 489160704, 489684992, 490209280,
    490733568, 491257888, 491782144, 492306432, 492830720, 493355008,
    493879328, 494403584, 494927872, 495452160, 495976448, 496500768,
    497025024, 497549312, 498073600, 498597888, 499122208, 499646464,
    500170752, 500695040, 501219328, 501743648, 502267904, 502792192,
    503316480, 503840768, 504365088, 504889344, 505413632, 505937920,
    506462208, 506986528, 507510784, 508035072, 508559360, 509083648,
    509607968, 510132224, 510656512, 511180800, 511705088, 512229408,
    512753664, 513277952, 513802240, 514326528, 514850848, 515375104,
    515899392, 516423680, 516947968, 517472288, 517996544, 518520832,
    519045120, 519569408, 520093728, 520617984, 521142272, 521666560,
    522190848, 522715168, 523239424, 523763712, 524288000, 524812288,
    525336608, 525860864, 526385152, 526909440, 527433728, 527958048,
    528482304, 529006592, 529530880, 530055168, 530579488, 531103744,
    531628032, 532152320, 532676608, 533200928, 533725184, 534249472,
    534773760, 535298048, 535822368, 536346624, 536870912, 537395200,
    537919488, 538443776, 538968064, 539492352, 540016640, 540540928,
    541065216, 541589504, 542113792, 542638080, 543162368, 543686656,
    544210944, 544735232, 545259520, 545783808, 546308096, 546832384,
    547356672, 547880960, 548405248, 548929536, 549453824, 549978112,
    550502400, 551026688, 551550976, 552075264, 552599552, 553123840,
    553648128, 554172416, 554696704, 555220992, 555745280, 556269568,
    556793856, 557318144, 557842432, 558366720, 558891008, 559415296,
    559939584, 560463872, 560988160, 561512448, 562036736, 562561024,
    563085312, 563609600, 564133888, 564658176, 565182464, 565706752,
    566231040, 566755328, 567279616, 567803904, 568328192, 568852480,
    569376768, 569901056, 570425344, 570949632, 571473920, 571998208,
    572522496, 573046784, 573571072, 574095360, 574619648, 575143936,
    575668224, 576192512, 576716800, 577241088, 577765376, 578289664,
    578813952, 579338240, 579862528, 580386816, 580911104, 581435392,
    581959680, 582483968, 583008256, 583532544, 584056832, 584581120,
    585105408, 585629696, 586153984, 586678272, 587202560, 587726848,
    588251136, 588775424, 589299712, 589824000, 590348288, 590872576,
    591396864, 591921152, 592445440, 592969728, 593494016, 594018304,
    594542592, 595066880, 595591168, 596115456, 596639744, 597164032,
    597688320, 598212608, 598736896, 599261184, 599785472, 600309760,
    600834048, 601358336, 601882624, 602406912, 602931200, 603455488,
    603979776, 604504064, 605028352, 605552640, 606076928, 606601216,
    607125504, 607649792, 608174080, 608698368, 609222656, 609746944,
    610271232, 610795520, 611319808, 611844096, 612368384, 612892672,
    613416960, 613941248, 614465536, 614989824, 615514112, 616038400,
    616562688, 617086976, 617611264, 618135552, 618659840, 619184128,
    619708416, 620232704, 620756992, 621281280, 621805568, 622329856,
    622854144, 623378432, 623902720, 624427008, 624951296, 625475584,
    625999872, 626524160, 627048448, 627572736, 628097024, 628621312,
    629145600, 629669888, 630194176, 630718464, 631242752, 631767040,
    632291328, 632815616, 633339904, 633864192, 634388480, 634912768,
    635437056, 635961344, 636485632, 637009920, 637534208, 638058496,
    638582784, 639107072, 639631360, 640155648, 640679936, 641204224,
    641728512, 642252800, 642777088, 643301376, 643825664, 644349952,
    644874240, 645398528, 645922816, 646447104, 646971392, 647495680,
    648019968, 648544256, 649068544, 649592832, 650117120, 650641408,
    651165696, 651689984, 652214336, 652738560, 653262848, 653787136,
    654311424, 654835776, 655360000, 655884288, 656408576, 656932864,
    657457216, 657981440, 658505728, 659030016, 659554304, 660078656,
    660602880, 661127168, 661651456, 662175744, 662700096, 663224320,
    663748608, 664272896, 664797184, 665321536, 665845760, 666370048,
    666894336, 667418624, 667942976, 668467200, 668991488, 669515776,
    670040064, 670564416, 671088640, 671612928, 672137216, 672661504,
    673185856, 673710080, 674234368, 674758656, 675282944, 675807296,
    676331520, 676855808, 677380096, 677904384, 678428736, 678952960,
    679477248, 680001536, 680525824, 681050176, 681574400, 682098688,
    682622976, 683147264, 683671616, 684195840, 684720128, 685244416,
    685768704, 686293056, 686817280, 687341568, 687865856, 688390144,
    688914496, 689438720, 689963008, 690487296, 691011584, 691535936,
    692060160, 692584448, 693108736, 693633024, 694157376, 694681600,
    695205888, 695730176, 696254464, 696778816, 697303040, 697827328,
    698351616, 698875904, 699400256, 699924480, 700448768, 700973056,
    701497344, 702021696, 702545920, 703070208, 703594496, 704118784,
    704643136, 705167360, 705691648, 706215936, 706740224, 707264576,
    707788800, 708313088, 708837376, 709361664, 709886016, 710410240,
    710934528, 711458816, 711983104, 712507456, 713031680, 713555968,
    714080256, 714604544, 715128896, 715653120, 716177408, 716701696,
    717225984, 717750336, 718274560, 718798848, 719323136, 719847424,
    720371776, 720896000, 721420288, 721944576, 722468864, 722993216,
    723517440, 724041728, 724566016, 725090304, 725614656, 726138880,
    726663168, 727187456, 727711744, 728236096, 728760320, 729284608,
    729808896, 730333184, 730857536, 731381760, 731906048, 732430336,
    732954624, 733478976, 734003200, 734527488, 735051776, 735576064,
    736100416, 736624640, 737148928, 737673216, 738197504, 738721856,
    739246080, 739770368, 740294656, 740818944, 741343296, 741867520,
    742391808, 742916096, 743440384, 743964736, 744488960, 745013248,
    745537536, 746061824, 746586176, 747110400, 747634688, 748158976,
    748683264, 749207616, 749731840, 750256128, 750780416, 751304704,
    751829056, 752353280, 752877568, 753401856, 753926144, 754450496,
    754974720, 755499008, 756023296, 756547584, 757071936, 757596160,
    758120448, 758644736, 759169024, 759693376, 760217600, 760741888,
    761266176, 761790464, 762314816, 762839040, 763363328, 763887616,
    764411904, 764936256, 765460480, 765984768, 766509056, 767033344,
    767557696, 768081920, 768606208, 769130496, 769654784, 770179136,
    770703360, 771227648, 771751936, 772276224, 772800576, 773324800,
    773849088, 774373376, 774897664, 775422016, 775946240, 776470528,
    776994816, 777519104, 778043456, 778567680, 779091968, 779616256,
    780140544, 780664896, 781189120, 781713408, 782237696, 782761984,
    783286336, 783810560, 784334848, 784859136, 785383424, 785907776,
    786432000, 786956288, 787480576, 788004864, 788529216, 789053440,
    789577728, 790102016, 790626304, 791150656, 791674880, 792199168,
    792723456, 793247744, 793772096, 794296320, 794820608, 795344896,
    795869184, 796393536, 796917760, 797442048, 797966336, 798490624,
    799014976, 799539200, 800063488, 800587776, 801112064, 801636416,
    802160640, 802684928, 803209216, 803733504, 804257856, 804782080,
    805306368, 805830656, 806354944, 806879296, 807403520, 807927808,
    808452096, 808976384, 809500736, 810024960, 810549248, 811073536,
    811597824, 812122176, 812646400, 813170688, 813694976, 814219264,
    814743616, 815267840, 815792128, 816316416, 816840704, 817365056,
    817889280, 818413568, 818937856, 819462144, 819986496, 820510720,
    821035008, 821559296, 822083584, 822607936, 823132160, 823656448,
    824180736, 824705024, 825229376, 825753600, 826277888, 826802176,
    827326464, 827850816, 828375040, 828899328, 829423616, 829947904,
    830472256, 830996480, 831520768, 832045056, 832569344, 833093696,
    833617920, 834142208, 834666496, 835190784, 835715136, 836239360,
    836763648, 837287936, 837812224, 838336576, 838860800, 839385088,
    839909376, 840433664, 840958016, 841482240, 842006528, 842530816,
    843055104, 843579456, 844103680, 844627968, 845152256, 845676544,
    846200896, 846725120, 847249408, 847773696, 848297984, 848822336,
    849346560, 849870848, 850395136, 850919424, 851443776, 851968000,
    852492288, 853016576, 853540864, 854065216, 854589440, 855113728,
    855638016, 856162304, 856686656, 857210880, 857735168, 858259456,
    858783744, 859308096, 859832320, 860356608, 860880896, 861405184,
    861929536, 862453760, 862978048, 863502336, 864026624, 864550976,
    865075200, 865599488, 866123776, 866648064, 867172416, 867696640,
    868220928, 868745216, 869269504, 869793856, 870318080, 870842368,
    871366656, 871890944, 872415296, 872939520, 873463808, 873988096,
    874512384, 875036736, 875560960, 876085248, 876609536, 877133824,
    877658176, 878182400, 878706688, 879230976, 879755264, 880279616,
    880803840, 881328128, 881852416, 882376704, 882901056, 883425280,
    883949568, 884473856, 884998144, 885522496, 886046720, 886571008,
    887095296, 887619584, 888143936, 888668160, 889192448, 889716736,
    890241024, 890765376, 891289600, 891813888, 892338176, 892862464,
    893386816, 893911040, 894435328, 894959616, 895483904, 896008256,
    896532480, 897056768, 897581056, 898105344, 898629696, 899153920,
    899678208, 900202496, 900726784, 901251136, 901775360, 902299648,
    902823936, 903348224, 903872576, 904396800, 904921088, 905445376,
    905969664, 906494016, 907018240, 907542528, 908066816, 908591104,
    909115456, 909639680, 910163968, 910688256, 911212544, 911736896,
    912261120, 912785408, 913309696, 913833984, 914358336, 914882560,
    915406848, 915931136, 916455424, 916979776, 917504000, 918028288,
    918552576, 919076864, 919601216, 920125440, 920649728, 921174016,
    921698304, 922222656, 922746880, 923271168, 923795456, 924319744,
    924844096, 925368320, 925892608, 926416896, 926941184, 927465536,
    927989760, 928514048, 929038336, 929562624, 930086976, 930611200,
    931135488, 931659776, 932184064, 932708416, 933232640, 933756928,
    934281216, 934805504, 935329856, 935854080, 936378368, 936902656,
    937426944, 937951296, 938475520, 938999808, 939524096, 940048384,
    940572736, 941096960, 941621248, 942145536, 942669824, 943194176,
    943718400, 944242688, 944766976, 945291264, 945815616, 946339840,
    946864128, 947388416, 947912704, 948437056, 948961280, 949485568,
    950009856, 950534144, 951058496, 951582720, 952107008, 952631296,
    953155584, 953679936, 954204160, 954728448, 955252736, 955777024,
    956301376, 956825600, 957349888, 957874176, 958398464, 958922816,
    959447040, 959971328, 960495616, 961019904, 961544256, 962068480,
    962592768, 963117056, 963641344, 964165696, 964689920, 965214208,
    965738496, 966262784, 966787136, 967311360, 967835648, 968359936,
    968884224, 969408576, 969932800, 970457088, 970981376, 971505664,
    972030016, 972554240, 973078528, 973602816, 974127104, 974651456,
    975175680, 975699968, 976224256, 976748544, 977272896, 977797120,
    978321408, 978845696, 979369984, 979894336, 980418560, 980942848,
    981467136, 981991424, 982515776, 983040000, 983564288, 984088576,
    984612864, 985137216, 985661440, 986185728, 986710016, 987234304,
    987758656, 988282880, 988807168, 989331456, 989855744, 990380096,
    990904320, 991428608, 991952896, 992477184, 993001536, 993525760,
    994050048, 994574336, 995098624, 995622976, 996147200, 996671488,
    997195776, 997720064, 998244416, 998768640, 999292928, 999817216,
    1000341504, 1000865856, 1001390080, 1001914368, 1002438656, 1002962944,
    1003487296, 1004011520, 1004535808, 1005060096, 1005584384, 1006108736,
    1006632960, 1007157248, 1007681536, 1008205824, 1008730176, 1009254400,
    1009778688, 1010302976, 1010827264, 1011351616, 1011875840, 1012400128,
    1012924416, 1013448704, 1013973056, 1014497280, 1015021568, 1015545856,
    1016070144, 1016594496, 1017118720, 1017643008, 1018167296, 1018691584,
    1019215936, 1019740160, 1020264448, 1020788736, 1021313024, 1021837376,
    1022361600, 1022885888, 1023410176, 1023934464, 1024458816, 1024983040,
    1025507328, 1026031616, 1026555904, 1027080256, 1027604480, 1028128768,
    1028653056, 1029177344, 1029701696, 1030225920, 1030750208, 1031274496,
    1031798784, 1032323136, 1032847360, 1033371648, 1033895936, 1034420224,
    1034944576, 1035468800, 1035993088, 1036517376, 1037041664, 1037566016,
    1038090240, 1038614528, 1039138816, 1039663104, 1040187456, 1040711680,
    1041235968, 1041760256, 1042284544, 1042808896, 1043333120, 1043857408,
    1044381696, 1044905984, 1045430336, 1045954560, 1046478848, 1047003136,
    1047527424, 1048051776, 1048576000, 1049100288, 1049624576, 1050148864,
    1050673216, 1051197440, 1051721728, 1052246016, 1052770304, 1053294656,
    1053818880, 1054343168, 1054867456, 1055391744, 1055916096, 1056440320,
    1056964608, 1057488896, 1058013184, 1058537536, 1059061760, 1059586048,
    1060110336, 1060634624, 1061158976, 1061683200, 1062207488, 1062731776,
    1063256064, 1063780416, 1064304640, 1064828928, 1065353216, 1065877504,
    1066401856, 1066926080, 1067450368, 1067974656, 1068498944, 1069023296,
    1069547520, 1070071808, 1070596096, 1071120384, 1071644736, 1072168960,
    1072693248, 1073217536, 1073741824, 1074266112, 1074790400, 1075314688,
    1075838976, 1076363264, 1076887552, 1077411840, 1077936128, 1078460416,
    1078984704, 1079508992, 1080033280, 1080557568, 1081081856, 1081606144,
    1082130432, 1082654720, 1083179008, 1083703296, 1084227584, 1084751872,
    1085276160, 1085800448, 1086324736, 1086849024, 1087373312, 1087897600,
    1088421888, 1088946176, 1089470464, 1089994752, 1090519040, 1091043328,
    1091567616, 1092091904, 1092616192, 1093140480, 1093664768, 1094189056,
    1094713344, 1095237632, 1095761920, 1096286208, 1096810496, 1097334784,
    1097859072, 1098383360, 1098907648, 1099431936, 1099956224, 1100480512,
    1101004800, 1101529088, 1102053376, 1102577664, 1103101952, 1103626240,
    1104150528, 1104674816, 1105199104, 1105723392, 1106247680, 1106771968,
    1107296256, 1107820544, 1108344832, 1108869120, 1109393408, 1109917696,
    1110441984, 1110966272, 1111490560, 1112014848, 1112539136, 1113063424,
    1113587712, 1114112000, 1114636288, 1115160576, 1115684864, 1116209152,
    1116733440, 1117257728, 1117782016, 1118306304, 1118830592, 1119354880,
    1119879168, 1120403456, 1120927744, 1121452032, 1121976320, 1122500608,
    1123024896, 1123549184, 1124073472, 1124597760, 1125122048, 1125646336,
    1126170624, 1126694912, 1127219200, 1127743488, 1128267776, 1128792064,
    1129316352, 1129840640, 1130364928, 1130889216, 1131413504, 1131937792,
    1132462080, 1132986368, 1133510656, 1134034944, 1134559232, 1135083520,
    1135607808, 1136132096, 1136656384, 1137180672, 1137704960, 1138229248,
    1138753536, 1139277824, 1139802112, 1140326400, 1140850688, 1141374976,
    1141899264, 1142423552, 1142947840, 1143472128, 1143996416, 1144520704,
    1145044992, 1145569280, 1146093568, 1146617856, 1147142144, 1147666432,
    1148190720, 1148715008, 1149239296, 1149763584, 1150287872, 1150812160,
    1151336448, 1151860736, 1152385024, 1152909312, 1153433600, 1153957888,
    1154482176, 1155006464, 1155530752, 1156055040, 1156579328, 1157103616,
    1157627904, 1158152192, 1158676480, 1159200768, 1159725056, 1160249344,
    1160773632, 1161297920, 1161822208, 1162346496, 1162870784, 1163395072,
    1163919360, 1164443648, 1164967936, 1165492224, 1166016512, 1166540800,
    1167065088, 1167589376, 1168113664, 1168637952, 1169162240, 1169686528,
    1170210816, 1170735104, 1171259392, 1171783680, 1172307968, 1172832256,
    1173356544, 1173880832, 1174405120, 1174929408, 1175453696, 1175977984,
    1176502272, 1177026560, 1177550848, 1178075136, 1178599424, 1179123712,
    1179648000, 1180172288, 1180696576, 1181220864, 1181745152, 1182269440,
    1182793728, 1183318016, 1183842304, 1184366592, 1184890880, 1185415168,
    1185939456, 1186463744, 1186988032, 1187512320, 1188036608, 1188560896,
    1189085184, 1189609472, 1190133760, 1190658048, 1191182336, 1191706624,
    1192230912, 1192755200, 1193279488, 1193803776, 1194328064, 1194852352,
    1195376640, 1195900928, 1196425216, 1196949504, 1197473792, 1197998080,
    1198522368, 1199046656, 1199570944, 1200095232, 1200619520, 1201143808,
    1201668096, 1202192384, 1202716672, 1203240960, 1203765248, 1204289536,
    1204813824, 1205338112, 1205862400, 1206386688, 1206910976, 1207435264,
    1207959552, 1208483840, 1209008128, 1209532416, 1210056704, 1210580992,
    1211105280, 1211629568, 1212153856, 1212678144, 1213202432, 1213726720,
    1214251008, 1214775296, 1215299584, 1215823872, 1216348160, 1216872448,
    1217396736, 1217921024, 1218445312, 1218969600, 1219493888, 1220018176,
    1220542464, 1221066752, 1221591040, 1222115328, 1222639616, 1223163904,
    1223688192, 1224212480, 1224736768, 1225261056, 1225785344, 1226309632,
    1226833920, 1227358208, 1227882496, 1228406784, 1228931072, 1229455360,
    1229979648, 1230503936, 1231028224, 1231552512, 1232076800, 1232601088,
    1233125376, 1233649664, 1234173952, 1234698240, 1235222528, 1235746816,
    1236271104, 1236795392, 1237319680, 1237843968, 1238368256, 1238892544,
    1239416832, 1239941120, 1240465408, 1240989696, 1241513984, 1242038272,
    1242562560, 1243086848, 1243611136, 1244135424, 1244659712, 1245184000,
    1245708288, 1246232576, 1246756864, 1247281152, 1247805440, 1248329728,
    1248854016, 1249378304, 1249902592, 1250426880, 1250951168, 1251475456,
    1251999744, 1252524032, 1253048320, 1253572608, 1254096896, 1254621184,
    1255145472, 1255669760, 1256194048, 1256718336, 1257242624, 1257766912,
    1258291200, 1258815488, 1259339776, 1259864064, 1260388352, 1260912640,
    1261436928, 1261961216, 1262485504, 1263009792, 1263534080, 1264058368,
    1264582656, 1265106944, 1265631232, 1266155520, 1266679808, 1267204096,
    1267728384, 1268252672, 1268776960, 1269301248, 1269825536, 1270349824,
    1270874112, 1271398400, 1271922688, 1272446976, 1272971264, 1273495552,
    1274019840, 1274544128, 1275068416, 1275592704, 1276116992, 1276641280,
    1277165568, 1277689856, 1278214144, 1278738432, 1279262720, 1279787008,
    1280311296, 1280835584, 1281359872, 1281884160, 1282408448, 1282932736,
    1283457024, 1283981312, 1284505600, 1285029888, 1285554176, 1286078464,
    1286602752, 1287127040, 1287651328, 1288175616, 1288699904, 1289224192,
    1289748480, 1290272768, 1290797056, 1291321344, 1291845632, 1292369920,
    1292894208, 1293418496, 1293942784, 1294467072, 1294991360, 1295515648,
    1296039936, 1296564224, 1297088512, 1297612800, 1298137088, 1298661376,
    1299185664, 1299709952, 1300234240, 1300758528, 1301282816, 1301807232,
    1302331392, 1302855680, 1303379968, 1303904256, 1304428672, 1304952832,
    1305477120, 1306001408, 1306525696, 1307050112, 1307574272, 1308098560,
    1308622848, 1309147136, 1309671552, 1310195712, 1310720000, 1311244288,
    1311768576, 1312292992, 1312817152, 1313341440, 1313865728, 1314390016,
    1314914432, 1315438592, 1315962880, 1316487168, 1317011456, 1317535872,
    1318060032, 1318584320, 1319108608, 1319632896, 1320157312, 1320681472,
    1321205760, 1321730048, 1322254336, 1322778752, 1323302912, 1323827200,
    1324351488, 1324875776, 1325400192, 1325924352, 1326448640, 1326972928,
    1327497216, 1328021632, 1328545792, 1329070080, 1329594368, 1330118656,
    1330643072, 1331167232, 1331691520, 1332215808, 1332740096, 1333264512,
    1333788672, 1334312960, 1334837248, 1335361536, 1335885952, 1336410112,
    1336934400, 1337458688, 1337982976, 1338507392, 1339031552, 1339555840,
    1340080128, 1340604416, 1341128832, 1341652992, 1342177280, 1342701568,
    1343225856, 1343750272, 1344274432, 1344798720, 1345323008, 1345847296,
    1346371712, 1346895872, 1347420160, 1347944448, 1348468736, 1348993152,
    1349517312, 1350041600, 1350565888, 1351090176, 1351614592, 1352138752,
    1352663040, 1353187328, 1353711616, 1354236032, 1354760192, 1355284480,
    1355808768, 1356333056, 1356857472, 1357381632, 1357905920, 1358430208,
    1358954496, 1359478912, 1360003072, 1360527360, 1361051648, 1361575936,
    1362100352, 1362624512, 1363148800, 1363673088, 1364197376, 1364721792,
    1365245952, 1365770240, 1366294528, 1366818816, 1367343232, 1367867392,
    1368391680, 1368915968, 1369440256, 1369964672, 1370488832, 1371013120,
    1371537408, 1372061696, 1372586112, 1373110272, 1373634560, 1374158848,
    1374683136, 1375207552, 1375731712, 1376256000, 1376780288, 1377304576,
    1377828992, 1378353152, 1378877440, 1379401728, 1379926016, 1380450432,
    1380974592, 1381498880, 1382023168, 1382547456, 1383071872, 1383596032,
    1384120320, 1384644608, 1385168896, 1385693312, 1386217472, 1386741760,
    1387266048, 1387790336, 1388314752, 1388838912, 1389363200, 1389887488,
    1390411776, 1390936192, 1391460352, 1391984640, 1392508928, 1393033216,
    1393557632, 1394081792, 1394606080, 1395130368, 1395654656, 1396179072,
    1396703232, 1397227520, 1397751808, 1398276096, 1398800512, 1399324672,
    1399848960, 1400373248, 1400897536, 1401421952, 1401946112, 1402470400,
    1402994688, 1403518976, 1404043392, 1404567552, 1405091840, 1405616128,
    1406140416, 1406664832, 1407188992, 1407713280, 1408237568, 1408761856,
    1409286272, 1409810432, 1410334720, 1410859008, 1411383296, 1411907712,
    1412431872, 1412956160, 1413480448, 1414004736, 1414529152, 1415053312,
    1415577600, 1416101888, 1416626176, 1417150592, 1417674752, 1418199040,
    1418723328, 1419247616, 1419772032, 1420296192, 1420820480, 1421344768,
    1421869056, 1422393472, 1422917632, 1423441920, 1423966208, 1424490496,
    1425014912, 1425539072, 1426063360, 1426587648, 1427111936, 1427636352,
    1428160512, 1428684800, 1429209088, 1429733376, 1430257792, 1430781952,
    1431306240, 1431830528, 1432354816, 1432879232, 1433403392, 1433927680,
    1434451968, 1434976256, 1435500672, 1436024832, 1436549120, 1437073408,
    1437597696, 1438122112, 1438646272, 1439170560, 1439694848, 1440219136,
    1440743552, 1441267712, 1441792000, 1442316288, 1442840576, 1443364992,
    1443889152, 1444413440, 1444937728, 1445462016, 1445986432, 1446510592,
    1447034880, 1447559168, 1448083456, 1448607872, 1449132032, 1449656320,
    1450180608, 1450704896, 1451229312, 1451753472, 1452277760, 1452802048,
    1453326336, 1453850752, 1454374912, 1454899200, 1455423488, 1455947776,
    1456472192, 1456996352, 1457520640, 1458044928, 1458569216, 1459093632,
    1459617792, 1460142080, 1460666368, 1461190656, 1461715072, 1462239232,
    1462763520, 1463287808, 1463812096, 1464336512, 1464860672, 1465384960,
    1465909248, 1466433536, 1466957952, 1467482112, 1468006400, 1468530688,
    1469054976, 1469579392, 1470103552, 1470627840, 1471152128, 1471676416,
    1472200832, 1472724992, 1473249280, 1473773568, 1474297856, 1474822272,
    1475346432, 1475870720, 1476395008, 1476919296, 1477443712, 1477967872,
    1478492160, 1479016448, 1479540736, 1480065152, 1480589312, 1481113600,
    1481637888, 1482162176, 1482686592, 1483210752, 1483735040, 1484259328,
    1484783616, 1485308032, 1485832192, 1486356480, 1486880768, 1487405056,
    1487929472, 1488453632, 1488977920, 1489502208, 1490026496, 1490550912,
    1491075072, 1491599360, 1492123648, 1492647936, 1493172352, 1493696512,
    1494220800, 1494745088, 1495269376, 1495793792, 1496317952, 1496842240,
    1497366528, 1497890816, 1498415232, 1498939392, 1499463680, 1499987968,
    1500512256, 1501036672, 1501560832, 1502085120, 1502609408, 1503133696,
    1503658112, 1504182272, 1504706560, 1505230848, 1505755136, 1506279552,
    1506803712, 1507328000, 1507852288, 1508376576, 1508900992, 1509425152,
    1509949440, 1510473728, 1510998016, 1511522432, 1512046592, 1512570880,
    1513095168, 1513619456, 1514143872, 1514668032, 1515192320, 1515716608,
    1516240896, 1516765312, 1517289472, 1517813760, 1518338048, 1518862336,
    1519386752, 1519910912, 1520435200, 1520959488, 1521483776, 1522008192,
    1522532352, 1523056640, 1523580928, 1524105216, 1524629632, 1525153792,
    1525678080, 1526202368, 1526726656, 1527251072, 1527775232, 1528299520,
    1528823808, 1529348096, 1529872512, 1530396672, 1530920960, 1531445248,
    1531969536, 1532493952, 1533018112, 1533542400, 1534066688, 1534590976,
    1535115392, 1535639552, 1536163840, 1536688128, 1537212416, 1537736832,
    1538260992, 1538785280, 1539309568, 1539833856, 1540358272, 1540882432,
    1541406720, 1541931008, 1542455296, 1542979712, 1543503872, 1544028160,
    1544552448, 1545076736, 1545601152, 1546125312, 1546649600, 1547173888,
    1547698176, 1548222592, 1548746752, 1549271040, 1549795328, 1550319616,
    1550844032, 1551368192, 1551892480, 1552416768, 1552941056, 1553465472,
    1553989632, 1554513920, 1555038208, 1555562496, 1556086912, 1556611072,
    1557135360, 1557659648, 1558183936, 1558708352, 1559232512, 1559756800,
    1560281088, 1560805376, 1561329792, 1561853952, 1562378240, 1562902528,
    1563426816, 1563951232, 1564475392, 1564999680, 1565523968, 1566048256,
    1566572672, 1567096832, 1567621120, 1568145408, 1568669696, 1569194112,
    1569718272, 1570242560, 1570766848, 1571291136, 1571815552, 1572339712,
    1572864000, 1573388288, 1573912576, 1574436992, 1574961152, 1575485440,
    1576009728, 1576534016, 1577058432, 1577582592, 1578106880, 1578631168,
    1579155456, 1579679872, 1580204032, 1580728320, 1581252608, 1581776896,
    1582301312, 1582825472, 1583349760, 1583874048, 1584398336, 1584922752,
    1585446912, 1585971200, 1586495488, 1587019776, 1587544192, 1588068352,
    1588592640, 1589116928, 1589641216, 1590165632, 1590689792, 1591214080,
    1591738368, 1592262656, 1592787072, 1593311232, 1593835520, 1594359808,
    1594884096, 1595408512, 1595932672, 1596456960, 1596981248, 1597505536,
    1598029952, 1598554112, 1599078400, 1599602688, 1600126976, 1600651392,
    1601175552, 1601699840, 1602224128, 1602748416, 1603272832, 1603796992,
    1604321280, 1604845568, 1605369856, 1605894272, 1606418432, 1606942720,
    1607467008, 1607991296, 1608515712, 1609039872, 1609564160, 1610088448,
    1610612736, 1611137152, 1611661312, 1612185600, 1612709888, 1613234176,
    1613758592, 1614282752, 1614807040, 1615331328, 1615855616, 1616380032,
    1616904192, 1617428480, 1617952768, 1618477056, 1619001472, 1619525632,
    1620049920, 1620574208, 1621098496, 1621622912, 1622147072, 1622671360,
    1623195648, 1623719936, 1624244352, 1624768512, 1625292800, 1625817088,
    1626341376, 1626865792, 1627389952, 1627914240, 1628438528, 1628962816,
    1629487232, 1630011392, 1630535680, 1631059968, 1631584256, 1632108672,
    1632632832, 1633157120, 1633681408, 1634205696, 1634730112, 1635254272,
    1635778560, 1636302848, 1636827136, 1637351552, 1637875712, 1638400000,
    1638924288, 1639448576, 1639972992, 1640497152, 1641021440, 1641545728,
    1642070016, 1642594432, 1643118592, 1643642880, 1644167168, 1644691456,
    1645215872, 1645740032, 1646264320, 1646788608, 1647312896, 1647837312,
    1648361472, 1648885760, 1649410048, 1649934336, 1650458752, 1650982912,
    1651507200, 1652031488, 1652555776, 1653080192, 1653604352, 1654128640,
    1654652928, 1655177216, 1655701632, 1656225792, 1656750080, 1657274368,
    1657798656, 1658323072, 1658847232, 1659371520, 1659895808, 1660420096,
    1660944512, 1661468672, 1661992960, 1662517248, 1663041536, 1663565952,
    1664090112, 1664614400, 1665138688, 1665662976, 1666187392, 1666711552,
    1667235840, 1667760128, 1668284416, 1668808832, 1669332992, 1669857280,
    1670381568, 1670905856, 1671430272, 1671954432, 1672478720, 1673003008,
    1673527296, 1674051712, 1674575872, 1675100160, 1675624448, 1676148736,
    1676673152, 1677197312, 1677721600, 1678245888, 1678770176, 1679294592,
    1679818752, 1680343040, 1680867328, 1681391616, 1681916032, 1682440192,
    1682964480, 1683488768, 1684013056, 1684537472, 1685061632, 1685585920,
    1686110208, 1686634496, 1687158912, 1687683072, 1688207360, 1688731648,
    1689255936, 1689780352, 1690304512, 1690828800, 1691353088, 1691877376,
    1692401792, 1692925952, 1693450240, 1693974528, 1694498816, 1695023232,
    1695547392, 1696071680, 1696595968, 1697120256, 1697644672, 1698168832,
    1698693120, 1699217408, 1699741696, 1700266112, 1700790272, 1701314560,
    1701838848, 1702363136, 1702887552, 1703411712, 1703936000, 1704460288,
    1704984576, 1705508992, 1706033152, 1706557440, 1707081728, 1707606016,
    1708130432, 1708654592, 1709178880, 1709703168, 1710227456, 1710751872,
    1711276032, 1711800320, 1712324608, 1712848896, 1713373312, 1713897472,
    1714421760, 1714946048, 1715470336, 1715994752, 1716518912, 1717043200,
    1717567488, 1718091776, 1718616192, 1719140352, 1719664640, 1720188928,
    1720713216, 1721237632, 1721761792, 1722286080, 1722810368, 1723334656,
    1723859072, 1724383232, 1724907520, 1725431808, 1725956096, 1726480512,
    1727004672, 1727528960, 1728053248, 1728577536, 1729101952, 1729626112,
    1730150400, 1730674688, 1731198976, 1731723392, 1732247552, 1732771840,
    1733296128, 1733820416, 1734344832, 1734868992, 1735393280, 1735917568,
    1736441856, 1736966272, 1737490432, 1738014720, 1738539008, 1739063296,
    1739587712, 1740111872, 1740636160, 1741160448, 1741684736, 1742209152,
    1742733312, 1743257600, 1743781888, 1744306176, 1744830592, 1745354752,
    1745879040, 1746403328, 1746927616, 1747452032, 1747976192, 1748500480,
    1749024768, 1749549056, 1750073472, 1750597632, 1751121920, 1751646208,
    1752170496, 1752694912, 1753219072, 1753743360, 1754267648, 1754791936,
    1755316352, 1755840512, 1756364800, 1756889088, 1757413376, 1757937792,
    1758461952, 1758986240, 1759510528, 1760034816, 1760559232, 1761083392,
    1761607680, 1762131968, 1762656256, 1763180672, 1763704832, 1764229120,
    1764753408, 1765277696, 1765802112, 1766326272, 1766850560, 1767374848,
    1767899136, 1768423552, 1768947712, 1769472000, 1769996288, 1770520576,
    1771044992, 1771569152, 1772093440, 1772617728, 1773142016, 1773666432,
    1774190592, 1774714880, 1775239168, 1775763456, 1776287872, 1776812032,
    1777336320, 1777860608, 1778384896, 1778909312, 1779433472, 1779957760,
    1780482048, 1781006336, 1781530752, 1782054912, 1782579200, 1783103488,
    1783627776, 1784152192, 1784676352, 1785200640, 1785724928, 1786249216,
    1786773632, 1787297792, 1787822080, 1788346368, 1788870656, 1789395072,
    1789919232, 1790443520, 1790967808, 1791492096, 1792016512, 1792540672,
    1793064960, 1793589248, 1794113536, 1794637952, 1795162112, 1795686400,
    1796210688, 1796734976, 1797259392, 1797783552, 1798307840, 1798832128,
    1799356416, 1799880832, 1800404992, 1800929280, 1801453568, 1801977856,
    1802502272, 1803026432, 1803550720, 1804075008, 1804599296, 1805123712,
    1805647872, 1806172160, 1806696448, 1807220736, 1807745152, 1808269312,
    1808793600, 1809317888, 1809842176, 1810366592, 1810890752, 1811415040,
    1811939328, 1812463616, 1812988032, 1813512192, 1814036480, 1814560768,
    1815085056, 1815609472, 1816133632, 1816657920, 1817182208, 1817706496,
    1818230912, 1818755072, 1819279360, 1819803648, 1820327936, 1820852352,
    1821376512, 1821900800, 1822425088, 1822949376, 1823473792, 1823997952,
    1824522240, 1825046528, 1825570816, 1826095232, 1826619392, 1827143680,
    1827667968, 1828192256, 1828716672, 1829240832, 1829765120, 1830289408,
    1830813696, 1831338112, 1831862272, 1832386560, 1832910848, 1833435136,
    1833959552, 1834483712, 1835008000, 1835532288, 1836056576, 1836580992,
    1837105152, 1837629440, 1838153728, 1838678016, 1839202432, 1839726592,
    1840250880, 1840775168, 1841299456, 1841823872, 1842348032, 1842872320,
    1843396608, 1843920896, 1844445312, 1844969472, 1845493760, 1846018048,
    1846542336, 1847066752, 1847590912, 1848115200, 1848639488, 1849163776,
    1849688192, 1850212352, 1850736640, 1851260928, 1851785216, 1852309632,
    1852833792, 1853358080, 1853882368, 1854406656, 1854931072, 1855455232,
    1855979520, 1856503808, 1857028096, 1857552512, 1858076672, 1858600960,
    1859125248, 1859649536, 1860173952, 1860698112, 1861222400, 1861746688,
    1862270976, 1862795392, 1863319552, 1863843840, 1864368128, 1864892416,
    1865416832, 1865940992, 1866465280, 1866989568, 1867513856, 1868038272,
    1868562432, 1869086720, 1869611008, 1870135296, 1870659712, 1871183872,
    1871708160, 1872232448, 1872756736, 1873281152, 1873805312, 1874329600,
    1874853888, 1875378176, 1875902592, 1876426752, 1876951040, 1877475328,
    1877999616, 1878524032, 1879048192, 1879572480, 1880096768, 1880621056,
    1881145472, 1881669632, 1882193920, 1882718208, 1883242496, 1883766912,
    1884291072, 1884815360, 1885339648, 1885863936, 1886388352, 1886912512,
    1887436800, 1887961088, 1888485376, 1889009792, 1889533952, 1890058240,
    1890582528, 1891106816, 1891631232, 1892155392, 1892679680, 1893203968,
    1893728256, 1894252672, 1894776832, 1895301120, 1895825408, 1896349696,
    1896874112, 1897398272, 1897922560, 1898446848, 1898971136, 1899495552,
    1900019712, 1900544000, 1901068288, 1901592576, 1902116992, 1902641152,
    1903165440, 1903689728, 1904214016, 1904738432, 1905262592, 1905786880,
    1906311168, 1906835456, 1907359872, 1907884032, 1908408320, 1908932608,
    1909456896, 1909981312, 1910505472, 1911029760, 1911554048, 1912078336,
    1912602752, 1913126912, 1913651200, 1914175488, 1914699776, 1915224192,
    1915748352, 1916272640, 1916796928, 1917321216, 1917845632, 1918369792,
    1918894080, 1919418368, 1919942656, 1920467072, 1920991232, 1921515520,
    1922039808, 1922564096, 1923088512, 1923612672, 1924136960, 1924661248,
    1925185536, 1925709952, 1926234112, 1926758400, 1927282688, 1927806976,
    1928331392, 1928855552, 1929379840, 1929904128, 1930428416, 1930952832,
    1931476992, 1932001280, 1932525568, 1933049856, 1933574272, 1934098432,
    1934622720, 1935147008, 1935671296, 1936195712, 1936719872, 1937244160,
    1937768448, 1938292736, 1938817152, 1939341312, 1939865600, 1940389888,
    1940914176, 1941438592, 1941962752, 1942487040, 1943011328, 1943535616,
    1944060032, 1944584192, 1945108480, 1945632768, 1946157056, 1946681472,
    1947205632, 1947729920, 1948254208, 1948778496, 1949302912, 1949827072,
    1950351360, 1950875648, 1951399936, 1951924352, 1952448512, 1952972800,
    1953497088, 1954021376, 1954545792, 1955069952, 1955594240, 1956118528,
    1956642816, 1957167232, 1957691392, 1958215680, 1958739968, 1959264256,
    1959788672, 1960312832, 1960837120, 1961361408, 1961885696, 1962410112,
    1962934272, 1963458560, 1963982848, 1964507136, 1965031552, 1965555712,
    1966080000, 1966604288, 1967128576, 1967652992, 1968177152, 1968701440,
    1969225728, 1969750016, 1970274432, 1970798592, 1971322880, 1971847168,
    1972371456, 1972895872, 1973420032, 1973944320, 1974468608, 1974992896,
    1975517312, 1976041472, 1976565760, 1977090048, 1977614336, 1978138752,
    1978662912, 1979187200, 1979711488, 1980235776, 1980760192, 1981284352,
    1981808640, 1982332928, 1982857216, 1983381632, 1983905792, 1984430080,
    1984954368, 1985478656, 1986003072, 1986527232, 1987051520, 1987575808,
    1988100096, 1988624512, 1989148672, 1989672960, 1990197248, 1990721536,
    1991245952, 1991770112, 1992294400, 1992818688, 1993342976, 1993867392,
    1994391552, 1994915840, 1995440128, 1995964416, 1996488832, 1997012992,
    1997537280, 1998061568, 1998585856, 1999110272, 1999634432, 2000158720,
    2000683008, 2001207296, 2001731712, 2002255872, 2002780160, 2003304448,
    2003828736, 2004353152, 2004877312, 2005401600, 2005925888, 2006450176,
    2006974592, 2007498752, 2008023040, 2008547328, 2009071616, 2009596032,
    2010120192, 2010644480, 2011168768, 2011693056, 2012217472, 2012741632,
    2013265920, 2013790208, 2014314496, 2014838912, 2015363072, 2015887360,
    2016411648, 2016935936, 2017460352, 2017984512, 2018508800, 2019033088,
    2019557376, 2020081792, 2020605952, 2021130240, 2021654528, 2022178816,
    2022703232, 2023227392, 2023751680, 2024275968, 2024800256, 2025324672,
    2025848832, 2026373120, 2026897408, 2027421696, 2027946112, 2028470272,
    2028994560, 2029518848, 2030043136, 2030567552, 2031091712, 2031616000,
    2032140288, 2032664576, 2033188992, 2033713152, 2034237440, 2034761728,
    2035286016, 2035810432, 2036334592, 2036858880, 2037383168, 2037907456,
    2038431872, 2038956032, 2039480320, 2040004608, 2040528896, 2041053312,
    2041577472, 2042101760, 2042626048, 2043150336, 2043674752, 2044198912,
    2044723200, 2045247488, 2045771776, 2046296192, 2046820352, 2047344640,
    2047868928, 2048393216, 2048917632, 2049441792, 2049966080, 2050490368,
    2051014656, 2051539072, 2052063232, 2052587520, 2053111808, 2053636096,
    2054160512, 2054684672, 2055208960, 2055733248, 2056257536, 2056781952,
    2057306112, 2057830400, 2058354688, 2058878976, 2059403392, 2059927552,
    2060451840, 2060976128, 2061500416, 2062024832, 2062548992, 2063073280,
    2063597568, 2064121856, 2064646272, 2065170432, 2065694720, 2066219008,
    2066743296, 2067267712, 2067791872, 2068316160, 2068840448, 2069364736,
    2069889152, 2070413312, 2070937600, 2071461888, 2071986176, 2072510592,
    2073034752, 2073559040, 2074083328, 2074607616, 2075132032, 2075656192,
    2076180480, 2076704768, 2077229056, 2077753472, 2078277632, 2078801920,
    2079326208, 2079850496, 2080374912, 2080899072, 2081423360, 2081947648,
    2082471936, 2082996352, 2083520512, 2084044800, 2084569088, 2085093376,
    2085617792, 2086141952, 2086666240, 2087190528, 2087714816, 2088239232,
    2088763392, 2089287680, 2089811968, 2090336256, 2090860672, 2091384832,
    2091909120, 2092433408, 2092957696, 2093482112, 2094006272, 2094530560,
    2095054848, 2095579136, 2096103552, 2096627712, 2097152000, 2097676288,
    2098200576, 2098724992, 2099249152, 2099773440, 2100297728, 2100822016,
    2101346432, 2101870592, 2102394880, 2102919168, 2103443456, 2103967872,
    2104492032, 2105016320, 2105540608, 2106064896, 2106589312, 2107113472,
    2107637760, 2108162048, 2108686336, 2109210752, 2109734912, 2110259200,
    2110783488, 2111307776, 2111832192, 2112356352, 2112880640, 2113404928,
    2113929216, 2114453632, 2114977792, 2115502080, 2116026368, 2116550656,
    2117075072, 2117599232, 2118123520, 2118647808, 2119172096, 2119696512,
    2120220672, 2120744960, 2121269248, 2121793536, 2122317952, 2122842112,
    2123366400, 2123890688, 2124414976, 2124939392, 2125463552, 2125987840,
    2126512128, 2127036416, 2127560832, 2128084992, 2128609280, 2129133568,
    2129657856, 2130182272, 2130706432, 2131230720, 2131755008, 2132279296,
    2132803712, 2133327872, 2133852160, 2134376448, 2134900736, 2135425152,
    2135949312, 2136473600, 2136997888, 2137522176, 2138046592, 2138570752,
    2139095040, 2139619328, 2140143616, 2140668032, 2141192192, 2141716480,
    2142240768, 2142765056, 2143289472, 2143813632, 2144337920, 2144862208,
    2145386496, 2145910912, 2146435072, 2146959360
};